[32.0, 16.0, 5.62273e-7]
[33.0, 16.0, 3.16471e-7]
[34.0, 16.0, 0.0557641]
[35.0, 16.0, 0.0146543]
[35.0, 17.0, 9.18225e-8]
[36.0, 16.0, 0.123776]
[36.0, 18.0, 7.30125e-14]
[37.0, 16.0, 0.300064]
[37.0, 17.0, 0.00228761]
[38.0, 16.0, 1.08304]
[38.0, 17.0, 6.78359e-5]
[38.0, 18.0, 0.0003103]
[39.0, 16.0, 2.47553]
[39.0, 17.0, 0.0602737]
[39.0, 18.0, 0.00020556]
[39.0, 19.0, 8.20029e-11]
[40.0, 16.0, 4.62098]
[40.0, 17.0, 0.0787667]
[40.0, 18.0, 0.00855737]
[40.0, 20.0, 1.76096e-17]
[41.0, 16.0, 6.86284]
[41.0, 17.0, 0.348315]
[41.0, 18.0, 0.0180507]
[41.0, 19.0, 0.000105396]
[42.0, 16.0, 14.2917]
[42.0, 17.0, 0.682231]
[42.0, 18.0, 0.101933]
[42.0, 19.0, 6.67984e-10]
[42.0, 20.0, 1.5584e-5]
[43.0, 17.0, 2.61565]
[43.0, 18.0, 0.221453]
[43.0, 19.0, 0.00215129]
[43.0, 20.0, 8.63412e-6]
[44.0, 17.0, 6.93147]
[44.0, 18.0, 1.23776]
[44.0, 19.0, 0.000973248]
[44.0, 20.0, 0.000522027]
[50.0, 19.0, 8.15467]
[50.0, 20.0, 1.46853]
[50.0, 21.0, 0.0498667]
[50.0, 22.0, 1.98042]
[50.0, 24.0, 1.56977e-25]
[51.0, 20.0, 1.89903]
[52.0, 23.0, 0.00679556]
[52.0, 24.0, 0.00308642]
[53.0, 20.0, 23.1049]
[53.0, 21.0, 1.50357]
[55.0, 22.0, 8.35117]
[57.0, 22.0, 53.319]
[57.0, 23.0, 7.07293]
[57.0, 24.0, 1.98042]
[58.0, 22.0, 57.7623]
[58.0, 23.0, 11.7483]
[58.0, 24.0, 3.62904]
[58.0, 25.0, 0.099021]
[58.0, 26.0, 0.0105986]
[60.0, 24.0, 17.3287]
[60.0, 26.0, 0.391609]
[60.0, 28.0, 0.0011037]
[61.0, 24.0, 14.3509]
[61.0, 25.0, 2.92467]
[61.0, 26.0, 0.977641]
[61.0, 27.0, 0.00193185]
[61.0, 28.0, 0.000116762]
[62.0, 24.0, 20.6294]
[62.0, 25.0, 3.36479]
[62.0, 26.0, 1.03301]
[62.0, 27.0, 0.0101933]
[62.0, 28.0, 0.00083351]
[64.0, 24.0, 46.2098]
[64.0, 25.0, 16.1197]
[64.0, 26.0, 7.70164]
[64.0, 27.0, 0.346574]
[64.0, 28.0, 2.31049]
[64.0, 30.0, 1.51595e-5]
[67.0, 28.0, 1.63093]
[68.0, 28.0, 0.433217]
[68.0, 30.0, 0.00308065]
[69.0, 28.0, 3.05351]
[69.0, 29.0, 0.198042]
[69.0, 31.0, 1.39969e-5]
[70.0, 26.0, 34.8315]
[70.0, 28.0, 1.47478]
[70.0, 30.0, 0.0210045]
[70.0, 30.0, 0.105022]
[71.0, 28.0, 8.66434]
[71.0, 29.0, 0.301368]
[71.0, 30.0, 0.0357292]
[71.0, 31.0, 4.66653e-5]
[71.0, 31.0, 4.86214e-5]
[73.0, 28.0, 17.0306]
[73.0, 29.0, 0.825175]
[73.0, 30.0, 0.165035]
[73.0, 31.0, 0.119508]
[73.0, 32.0, 3.96175e-5]
[74.0, 28.0, 22.1453]
[74.0, 29.0, 1.36527]
[74.0, 30.0, 0.425244]
[74.0, 31.0, 0.00725049]
[74.0, 32.0, 0.00142272]
[74.0, 34.0, 4.51465e-7]
[75.0, 30.0, 0.566297]
[75.0, 31.0, 0.0679556]
[75.0, 32.0, 0.00550117]
[75.0, 33.0, 0.0145314]
[76.0, 30.0, 1.08135]
[76.0, 31.0, 0.121605]
[76.0, 32.0, 0.0212622]
[76.0, 34.0, 7.33769e-6]
[77.0, 30.0, 1.4814]
[77.0, 31.0, 0.66014]
[77.0, 32.0, 0.0525112]
[77.0, 33.0, 0.0129078]
[77.0, 34.0, 4.96367e-6]
[78.0, 30.0, 2.0691]
[78.0, 31.0, 0.471529]
[78.0, 32.0, 0.136178]
[78.0, 33.0, 0.000131278]
[78.0, 34.0, 0.00012737]
[78.0, 36.0, 0.00178831]
[79.0, 30.0, 2.87613]
[79.0, 31.0, 0.929152]
[79.0, 32.0, 0.243466]
[79.0, 33.0, 0.017773]
[79.0, 34.0, 0.00128218]
[79.0, 35.0, 0.00294705]
[80.0, 31.0, 1.28361]
[80.0, 32.0, 0.413572]
[80.0, 33.0, 0.0234965]
[80.0, 34.0, 0.0456018]
[80.0, 36.0, 0.000653419]
[81.0, 33.0, 0.0912036]
[81.0, 35.0, 0.000201684]
[82.0, 34.0, 0.0509667]
[82.0, 36.0, 0.00188458]
[83.0, 32.0, 2.24975]
[83.0, 35.0, 0.00988798]
[84.0, 32.0, 8.15467]
[84.0, 34.0, 0.172425]
[84.0, 36.0, 0.00192541]
[84.0, 38.0, 2.4444e-7]
[85.0, 32.0, 7.53421]
[85.0, 33.0, 1.37803]
[85.0, 34.0, 0.342972]
[85.0, 35.0, 0.0210683]
[85.0, 36.0, 0.0039836]
[85.0, 37.0, 4.29779e-5]
[86.0, 32.0, 16.1197]
[86.0, 34.0, 0.733489]
[86.0, 35.0, 0.0484718]
[86.0, 36.0, 0.0125798]
[86.0, 38.0, 4.30347e-7]
[88.0, 35.0, 0.453037]
[89.0, 35.0, 1.61197]
[89.0, 36.0, 0.159088]
[89.0, 37.0, 0.00366745]
[89.0, 38.0, 0.000754077]
[89.0, 39.0, 1.58664e-7]
[90.0, 38.0, 0.00268662]
[90.0, 40.0, 6.03576e-5]
[94.0, 42.0, 0.00184456]
[95.0, 42.0, 2.22231e-6]
[96.0, 40.0, 0.0722028]
[97.0, 40.0, 0.592433]
[97.0, 40.0, 4.88132]
[98.0, 38.0, 7.22028]
[98.0, 39.0, 1.06148]
[98.0, 40.0, 0.346574]
[98.0, 41.0, 0.0225781]
[98.0, 42.0, 0.000225194]
[98.0, 44.0, 5.23256e-15]
[99.0, 40.0, 0.46708]
[99.0, 42.0, 0.00462098]
[99.0, 44.0, 3.20517e-5]
[100.0, 38.0, 13.5911]
[100.0, 39.0, 3.43142]
[100.0, 40.0, 0.737391]
[100.0, 41.0, 0.0976264]
[100.0, 42.0, 0.231822]
[100.0, 44.0, 0.0448349]
[101.0, 42.0, 0.0976264]
[101.0, 43.0, 0.000790722]
[101.0, 44.0, 0.000813553]
[102.0, 40.0, 2.326]
[102.0, 42.0, 0.53319]
[102.0, 44.0, 0.00265574]
[102.0, 46.0, 3.87002e-8]
[103.0, 45.0, 2.04412e-7]
[104.0, 42.0, 0.737391]
[104.0, 46.0, 0.00266186]
[105.0, 40.0, 7.29629]
[105.0, 42.0, 0.234965]
[105.0, 43.0, 0.0194704]
[106.0, 40.0, 8.77401]
[106.0, 41.0, 3.85082]
[106.0, 43.0, 0.0793983]
[106.0, 44.0, 0.0194704]
[106.0, 45.0, 2.15776e-8]
[106.0, 46.0, 8.81867e-5]
[106.0, 48.0, 0.000482156]
[107.0, 44.0, 0.0326956]
[107.0, 46.0, 0.000532371]
[107.0, 47.0, 3.38104e-15]
[108.0, 40.0, 23.1049]
[108.0, 41.0, 8.95539]
[108.0, 46.0, 0.00192541]
[108.0, 48.0, 0.0048499]
[110.0, 46.0, 0.0247553]
[110.0, 48.0, 3.2112e-8]
[111.0, 46.0, 0.0630134]
[111.0, 47.0, 3.50074e-5]
[111.0, 48.0, 0.0106967]
[112.0, 46.0, 0.102537]
[112.0, 48.0, 6.15147e-5]
[113.0, 45.0, 1.35911]
[113.0, 48.0, 0.0100895]
[113.0, 49.0, 1.55864e-9]
[114.0, 46.0, 0.374674]
[115.0, 47.0, 0.0138629]
[115.0, 48.0, 0.0385082]
[115.0, 49.0, 1.80039e-7]
[115.0, 50.0, 4.29204e-5]
[116.0, 44.0, 12.1605]
[116.0, 46.0, 1.21605]
[116.0, 48.0, 0.0346574]
[116.0, 48.0, 0.074532]
[116.0, 50.0, 0.000212792]
[117.0, 48.0, 0.129803]
[117.0, 49.0, 5.73038e-5]
[117.0, 50.0, 9.94187e-5]
[118.0, 44.0, 23.1049]
[118.0, 46.0, 2.60582]
[118.0, 48.0, 0.346574]
[118.0, 49.0, 0.000229671]
[118.0, 50.0, 0.00259606]
[118.0, 50.0, 0.0815467]
[119.0, 47.0, 0.753421]
[119.0, 48.0, 0.33007]
[119.0, 49.0, 0.00525112]
[119.0, 50.0, 0.000641803]
[120.0, 46.0, 5.25112]
[120.0, 48.0, 2.16608]
[120.0, 49.0, 0.0136446]
[120.0, 50.0, 0.0146543]
[120.0, 50.0, 0.0150032]
[121.0, 49.0, 0.0835117]
[121.0, 50.0, 0.00297744]
[121.0, 51.0, 5.00608e-10]
[122.0, 48.0, 1.3103]
[122.0, 49.0, 0.13228]
[122.0, 50.0, 0.0672958]
[122.0, 50.0, 0.0641803]
[123.0, 49.0, 0.38085]
[123.0, 50.0, 0.0146234]
[123.0, 51.0, 0.000288379]
[124.0, 50.0, 0.187337]
[124.0, 52.0, 0.0074532]
[125.0, 49.0, 1.44406]
[125.0, 50.0, 0.0568153]
[125.0, 51.0, 0.00121349]
[126.0, 47.0, 30.1368]
[126.0, 50.0, 0.422651]
[126.0, 52.0, 0.000603261]
[127.0, 50.0, 0.188868]
[127.0, 50.0, 0.666488]
[127.0, 51.0, 0.0027972]
[127.0, 52.0, 2.08378e-6]
[127.0, 53.0, 7.5613e-8]
[128.0, 50.0, 0.962704]
[128.0, 51.0, 0.000195572]
[128.0, 52.0, 0.00110975]
[128.0, 54.0, 0.000462283]
[129.0, 50.0, 0.563534]
[129.0, 50.0, 1.03455]
[129.0, 51.0, 0.00167427]
[129.0, 52.0, 0.000652681]
[129.0, 53.0, 2.38766e-7]
[129.0, 54.0, 1.39979e-15]
[130.0, 48.0, 13.8629]
[130.0, 49.0, 4.27869]
[130.0, 50.0, 1.28361]
[130.0, 50.0, 1.28361]
[130.0, 51.0, 0.00679556]
[130.0, 52.0, 0.00183372]
[130.0, 54.0, 0.00130684]
[130.0, 56.0, 0.000395497]
[131.0, 49.0, 10.1933]
[131.0, 50.0, 1.98042]
[131.0, 50.0, 2.16608]
[131.0, 51.0, 0.0123776]
[131.0, 53.0, 5.7907e-6]
[132.0, 49.0, 8.25175]
[132.0, 50.0, 3.46574]
[132.0, 51.0, 0.0174596]
[132.0, 52.0, 0.00414066]
[132.0, 52.0, 0.00281767]
[132.0, 53.0, 2.50391e-6]
[132.0, 54.0, 0.000138818]
[132.0, 56.0, 1.23824e-6]
[133.0, 51.0, 0.474758]
[133.0, 52.0, 0.00493695]
[133.0, 53.0, 0.000208528]
[133.0, 54.0, 9.24344e-6]
[133.0, 55.0, 1.52883e-6]
[134.0, 52.0, 0.0688329]
[134.0, 54.0, 0.00328195]
[134.0, 56.0, 1.06415e-8]
[135.0, 51.0, 1.34592]
[135.0, 52.0, 0.412833]
[135.0, 53.0, 0.0364814]
[135.0, 54.0, 2.92615e-5]
[135.0, 55.0, 0.000755556]
[135.0, 56.0, 9.55512e-15]
[136.0, 53.0, 0.0393163]
[136.0, 54.0, 0.00831112]
[136.0, 54.0, 0.0148744]
[136.0, 56.0, 6.16646e-7]
[138.0, 55.0, 0.000817005]
[138.0, 56.0, 0.00396992]
[139.0, 54.0, 0.304012]
[139.0, 55.0, 0.0174684]
[139.0, 56.0, 0.00124622]
[139.0, 57.0, 0.000139304]
[144.0, 55.0, 1.78646]
[144.0, 60.0, 0.00160451]
[146.0, 58.0, 0.0707293]
[147.0, 60.0, 0.000862123]
[147.0, 61.0, 7.3065e-7]
[147.0, 62.0, 8.37721e-9]
[148.0, 60.0, 0.00574749]
[148.0, 62.0, 1.94297e-7]
[149.0, 57.0, 2.01496]
[149.0, 58.0, 0.66014]
[149.0, 59.0, 0.130782]
[149.0, 60.0, 0.0051117]
[149.0, 61.0, 0.000111424]
[149.0, 62.0, 3.62737e-6]
[150.0, 60.0, 0.111979]
[150.0, 62.0, 7.18436e-5]
[150.0, 64.0, 1.50423e-5]
[151.0, 59.0, 0.679556]
[151.0, 60.0, 0.0366745]
[151.0, 61.0, 0.000928654]
[151.0, 62.0, 6.77961e-6]
[151.0, 63.0, 2.44186e-10]
[152.0, 62.0, 0.00153623]
[152.0, 62.0, 0.000837134]
[152.0, 64.0, 2.06775e-5]
[154.0, 62.0, 0.00667772]
[155.0, 64.0, 4.62376e-9]
[156.0, 62.0, 0.0259606]
[159.0, 65.0, 1.04194e-5]
[162.0, 65.0, 0.00137529]
[163.0, 64.0, 0.0900191]
[163.0, 65.0, 0.0101933]
[163.0, 66.0, 0.000592433]
[163.0, 67.0, 1.67136e-7]
[164.0, 64.0, 0.167023]
[164.0, 66.0, 0.00385082]
[164.0, 68.0, 0.000401127]
[165.0, 66.0, 0.0054751]
[165.0, 67.0, 0.0091905]
[166.0, 64.0, 0.407734]
[166.0, 68.0, 1.8314e-11]
[170.0, 68.0, 0.0161197]
[172.0, 68.0, 0.0277259]
[172.0, 69.0, 3.90549e-6]
[172.0, 70.0, 3.02737e-6]
[176.0, 72.0, 5.25494e-5]
[177.0, 72.0, 5.00034e-8]
[178.0, 72.0, 0.000500106]
[180.0, 73.0, 3.48175e-5]
[182.0, 72.0, 0.00577623]
[182.0, 73.0, 0.000187845]
[182.0, 74.0, 6.99192e-8]
[184.0, 72.0, 0.0364814]
[186.0, 76.0, 2.15758e-6]
[187.0, 76.0, 6.67984e-10]
[188.0, 75.0, 1.14969e-7]
[188.0, 76.0, 1.13226e-5]
[189.0, 75.0, 0.000995901]
[189.0, 76.0, 7.92349e-6]
[190.0, 75.0, 0.000385082]
[190.0, 76.0, 6.0169e-5]
[191.0, 77.0, 5.20944e-7]
[192.0, 78.0, 0.00796721]
[194.0, 77.0, 3.66279e-9]
[194.0, 78.0, 4.69154e-8]
[195.0, 78.0, 5.24635e-5]
[196.0, 77.0, 0.000331016]
[196.0, 78.0, 0.000137529]
[196.0, 80.0, 1.3009e-6]
[197.0, 78.0, 0.0019918]
[197.0, 79.0, 0.000121082]
[198.0, 80.0, 2.97782e-6]
[199.0, 79.0, 0.00037508]
[199.0, 80.0, 2.55576e-6]
[200.0, 80.0, 1.02963e-5]
[210.0, 82.0, 0.0088865]
[210.0, 84.0, 1.60067e-6]
[212.0, 84.0, 0.000462098]
[212.0, 84.0, 0.00165035]
[215.0, 83.0, 0.00471529]
[215.0, 84.0, 0.0187845]
[215.0, 85.0, 389.19]
[216.0, 84.0, 0.00513442]
[217.0, 84.0, 0.00703703]
[218.0, 84.0, 0.0210045]
[218.0, 85.0, 0.003729]
[218.0, 86.0, 0.462098]
[219.0, 84.0, 0.0315067]
[224.0, 87.0, 0.000107967]
[224.0, 88.0, 0.00346921]
[227.0, 87.0, 0.0343142]
[227.0, 88.0, 0.00467711]
[227.0, 89.0, 0.000273755]
[227.0, 90.0, 1.0094e-9]
[233.0, 90.0, 0.00478033]
[233.0, 91.0, 0.000518047]
[233.0, 92.0, 2.97406e-7]
[234.0, 92.0, 0.0099676]
[236.0, 94.0, 8.55737e-6]
[240.0, 93.0, 1.36554e-5]
[240.0, 94.0, 0.00160006]
[242.0, 94.0, 0.00210045]
[242.0, 96.0, 1.20188e-5]
[244.0, 96.0, 0.000444325]
[246.0, 96.0, 0.000462098]
[248.0, 98.0, 8.12409e-6]
[249.0, 98.0, 2.43107e-8]
[254.0, 100.0, 4.89926e-6]
[256.0, 100.0, 2.53343e-5]
[258.0, 102.0, 0.000202675]
