[32.0, 16.0, 1.23276e6]
[33.0, 16.0, 2.19024e6]
[34.0, 16.0, 12.43]
[35.0, 16.0, 47.3]
[35.0, 17.0, 7.54877e6]
[36.0, 16.0, 5.6]
[36.0, 18.0, 9.49354e12]
[37.0, 16.0, 2.31]
[37.0, 17.0, 303.0]
[38.0, 16.0, 0.64]
[38.0, 17.0, 10218.0]
[38.0, 18.0, 2233.8]
[39.0, 16.0, 0.28]
[39.0, 17.0, 11.5]
[39.0, 18.0, 3372.0]
[39.0, 19.0, 8.45272e9]
[40.0, 16.0, 0.15]
[40.0, 17.0, 8.8]
[40.0, 18.0, 81.0]
[40.0, 20.0, 3.93619e16]
[41.0, 16.0, 0.101]
[41.0, 17.0, 1.99]
[41.0, 18.0, 38.4]
[41.0, 19.0, 6576.6]
[42.0, 16.0, 0.0485]
[42.0, 17.0, 1.016]
[42.0, 18.0, 6.8]
[42.0, 19.0, 1.03767e9]
[42.0, 20.0, 44478.0]
[43.0, 17.0, 0.265]
[43.0, 18.0, 3.13]
[43.0, 19.0, 322.2]
[43.0, 20.0, 80280.0]
[44.0, 17.0, 0.1]
[44.0, 18.0, 0.56]
[44.0, 19.0, 712.2]
[44.0, 20.0, 1327.8]
[50.0, 19.0, 0.085]
[50.0, 20.0, 0.472]
[50.0, 21.0, 13.9]
[50.0, 22.0, 102.5]
[50.0, 22.0, 0.35]
[50.0, 24.0, 4.4156e24]
[51.0, 20.0, 0.365]
[52.0, 23.0, 102.0]
[52.0, 24.0, 224.58]
[53.0, 20.0, 0.03]
[53.0, 21.0, 0.461]
[55.0, 22.0, 0.083]
[57.0, 22.0, 0.013]
[57.0, 23.0, 0.098]
[57.0, 24.0, 0.35]
[58.0, 22.0, 0.012]
[58.0, 23.0, 0.059]
[58.0, 24.0, 0.191]
[58.0, 25.0, 7.0]
[58.0, 26.0, 3.0]
[58.0, 26.0, 65.4]
[60.0, 24.0, 0.04]
[60.0, 26.0, 0.28]
[60.0, 26.0, 1.77]
[60.0, 28.0, 1.66344e8]
[60.0, 28.0, 628.02]
[61.0, 24.0, 0.0483]
[61.0, 25.0, 0.237]
[61.0, 26.0, 0.709]
[61.0, 27.0, 358.8]
[61.0, 0.0, 0.0]
[0.0, 0.0, 0.0]
[0.0, 0.0, 0.0]
[0.0, 0.0, 0.0]
[0.0, 0.0, 0.0]
[0.0, 0.0, 0.0]
[0.0, 0.0, 0.0]
[0.0, 0.0, 0.0]
[0.0, 0.0, 0.0]
[0.0, 0.0, 0.0]
[0.0, 0.0, 0.0]
[0.0, 0.0, 0.0]
[0.0, 0.0, 0.0]
[0.0, 0.0, 0.0]
[0.0, 0.0, 0.0]
[0.0, 0.0, 0.0]
[0.0, 0.0, 0.0]
[0.0, 0.0, 0.0]
[0.0, 0.0, 0.0]
[0.0, 0.0, 0.0]
[0.0, 0.0, 0.0]
[0.0, 0.0, 0.0]
[0.0, 0.0, 0.0]
[69.0, 31.0, 49521.6]
[70.0, 26.0, 0.0199]
[70.0, 28.0, 0.112]
[70.0, 28.0, 0.47]
[70.0, 30.0, 44.5]
[70.0, 30.0, 33.0]
[70.0, 30.0, 6.6]
[71.0, 28.0, 0.08]
[71.0, 29.0, 2.56]
[71.0, 29.0, 2.3]
[71.0, 30.0, 19.4]
[71.0, 31.0, 147.0]
[71.0, 31.0, 14853.6]
[71.0, 31.0, 14256.0]
[73.0, 28.0, 0.0407]
[73.0, 29.0, 0.84]
[73.0, 30.0, 4.2]
[73.0, 31.0, 23.5]
[73.0, 31.0, 5.8]
[73.0, 32.0, 17496.0]
[74.0, 28.0, 0.0313]
[74.0, 29.0, 0.5077]
[74.0, 30.0, 1.63]
[74.0, 31.0, 95.6]
[74.0, 32.0, 487.2]
[74.0, 34.0, 1.53533e6]
[75.0, 30.0, 1.224]
[75.0, 31.0, 10.2]
[75.0, 32.0, 126.0]
[75.0, 33.0, 4966.8]
[75.0, 33.0, 47.7]
[76.0, 30.0, 0.641]
[76.0, 31.0, 5.7]
[76.0, 32.0, 32.6]
[76.0, 34.0, 94464.0]
[77.0, 30.0, 0.4679]
[77.0, 31.0, 2.08]
[77.0, 31.0, 1.05]
[77.0, 32.0, 13.2]
[77.0, 33.0, 40359.6]
[77.0, 33.0, 53.7]
[77.0, 34.0, 139644.0]
[78.0, 30.0, 0.335]
[78.0, 31.0, 1.47]
[78.0, 32.0, 5.09]
[78.0, 33.0, 5280.0]
[78.0, 34.0, 5442.0]
[78.0, 36.0, 387.6]
[79.0, 30.0, 0.241]
[79.0, 31.0, 0.746]
[79.0, 32.0, 2.847]
[79.0, 33.0, 18.98]
[79.0, 33.0, 39.0]
[79.0, 34.0, 540.6]
[79.0, 35.0, 1.0282e13]
[79.0, 35.0, 235.2]
[80.0, 31.0, 0.54]
[80.0, 32.0, 1.676]
[80.0, 33.0, 29.5]
[80.0, 34.0, 15.2]
[80.0, 36.0, 1060.8]
[81.0, 33.0, 7.6]
[81.0, 33.0, 7.6]
[81.0, 35.0, 1107.0]
[81.0, 35.0, 3436.8]
[82.0, 34.0, 19.1]
[82.0, 34.0, 13.6]
[82.0, 36.0, 0.0]
[0.0, 0.0, 0.0]
[0.0, 0.0, 0.0]
[0.0, 0.0, 0.0]
[0.0, 0.0, 0.0]
[0.0, 0.0, 0.0]
[0.0, 0.0, 0.0]
[0.0, 0.0, 0.0]
[0.0, 0.0, 0.0]
[0.0, 0.0, 0.0]
[0.0, 0.0, 0.0]
[0.0, 0.0, 0.0]
[0.0, 0.0, 0.0]
[85.0, 35.0, 32.9]
[85.0, 36.0, 174.0]
[85.0, 37.0, 3.38708e8]
[85.0, 37.0, 16128.0]
[86.0, 32.0, 0.043]
[86.0, 34.0, 0.945]
[86.0, 35.0, 14.3]
[86.0, 36.0, 55.1]
[86.0, 38.0, 1.61067e6]
[88.0, 35.0, 1.53]
[89.0, 35.0, 0.43]
[89.0, 36.0, 4.357]
[89.0, 37.0, 189.0]
[89.0, 38.0, 919.2]
[89.0, 39.0, 4.36864e6]
[90.0, 38.0, 158.0]
[90.0, 38.0, 258.0]
[90.0, 40.0, 230400.0]
[90.0, 40.0, 11484.0]
[94.0, 42.0, 6.40262e11]
[94.0, 42.0, 375.78]
[95.0, 42.0, 3.02322e6]
[95.0, 42.0, 311904.0]
[96.0, 40.0, 5.34]
[96.0, 40.0, 9.6]
[97.0, 40.0, 3.75]
[97.0, 40.0, 1.17]
[97.0, 40.0, 0.142]
[98.0, 38.0, 0.114]
[98.0, 38.0, 0.096]
[98.0, 39.0, 0.653]
[98.0, 40.0, 0.548]
[98.0, 40.0, 2.0]
[98.0, 41.0, 30.7]
[98.0, 42.0, 2.86]
[98.0, 42.0, 3078.0]
[98.0, 44.0, 1.32468e14]
[99.0, 40.0, 1.484]
[99.0, 42.0, 15.0]
[99.0, 42.0, 150.0]
[99.0, 44.0, 6.65809e12]
[99.0, 44.0, 21625.9]
[100.0, 38.0, 0.051]
[100.0, 39.0, 0.202]
[100.0, 40.0, 0.735]
[100.0, 40.0, 0.94]
[100.0, 41.0, 7.1]
[100.0, 42.0, 1.5]
[100.0, 42.0, 2.99]
[100.0, 44.0, 15.46]
[101.0, 42.0, 7.1]
[101.0, 43.0, 876.6]
[101.0, 44.0, 852.0]
[102.0, 40.0, 0.36]
[102.0, 40.0, 0.298]
[102.0, 42.0, 4.3]
[102.0, 42.0, 1.3]
[102.0, 44.0, 5.28]
[102.0, 44.0, 261.0]
[102.0, 46.0, 1.79107e7]
[103.0, 45.0, 3.39094e6]
[104.0, 42.0, 4.8]
[104.0, 42.0, 0.94]
[104.0, 46.0, 42.3]
[104.0, 46.0, 260.4]
[105.0, 40.0, 0.095]
[105.0, 42.0, 2.95]
[105.0, 43.0, 35.6]
[106.0, 40.0, 0.079]
[106.0, 41.0, 0.18]
[106.0, 43.0, 8.73]
[106.0, 44.0, 35.6]
[106.0, 45.0, 3.21235e7]
[106.0, 46.0, 30.07]
[106.0, 46.0, 7860.0]
[106.0, 48.0, 1437.6]
[107.0, 44.0, 21.2]
[107.0, 46.0, 1302.0]
[107.0, 47.0, 2.0501e14]
[108.0, 40.0, 0.03]
[108.0, 41.0, 0.0774]
[108.0, 46.0, 16.8]
[108.0, 46.0, 360.0]
[108.0, 48.0, 142.92]
[110.0, 46.0, 3.35]
[110.0, 46.0, 28.0]
[110.0, 48.0, 24.56]
[110.0, 48.0, 2.15853e7]
[111.0, 46.0, 11.0]
[111.0, 47.0, 1404.0]
[111.0, 47.0, 19800.0]
[111.0, 48.0, 643680.0]
[111.0, 48.0, 64.8]
[112.0, 46.0, 3.6]
[112.0, 46.0, 6.76]
[112.0, 48.0, 11268.0]
[113.0, 45.0, 0.8]
[113.0, 45.0, 0.51]
[113.0, 48.0, 19332.0]
[113.0, 48.0, 68.7]
[113.0, 49.0, 2.53582e23]
[113.0, 49.0, 4.44714e8]
[114.0, 46.0, 1.85]
[114.0, 46.0, 1.85]
[115.0, 47.0, 0.0]
[0.0, 0.0, 0.0]
[0.0, 0.0, 0.0]
[0.0, 0.0, 0.0]
[0.0, 0.0, 0.0]
[0.0, 0.0, 0.0]
[0.0, 0.0, 0.0]
[0.0, 0.0, 0.0]
[0.0, 0.0, 0.0]
[0.0, 0.0, 0.0]
[0.0, 0.0, 0.0]
[0.0, 0.0, 0.0]
[0.0, 0.0, 0.0]
[0.0, 0.0, 0.0]
[0.0, 0.0, 0.0]
[0.0, 0.0, 0.0]
[0.0, 0.0, 0.0]
[0.0, 0.0, 0.0]
[0.0, 0.0, 0.0]
[0.0, 0.0, 0.0]
[0.0, 0.0, 0.0]
[0.0, 0.0, 0.0]
[0.0, 0.0, 0.0]
[0.0, 0.0, 0.0]
[0.0, 0.0, 0.0]
[0.0, 0.0, 0.0]
[118.0, 49.0, 3018.0]
[118.0, 50.0, 5.0]
[118.0, 50.0, 267.0]
[118.0, 50.0, 8.5]
[119.0, 47.0, 0.92]
[119.0, 48.0, 2.1]
[119.0, 49.0, 161.4]
[119.0, 49.0, 132.0]
[119.0, 50.0, 144.0]
[119.0, 50.0, 1080.0]
[120.0, 46.0, 0.136]
[120.0, 46.0, 0.132]
[120.0, 48.0, 1.23]
[120.0, 48.0, 0.32]
[120.0, 49.0, 50.8]
[120.0, 50.0, 3.08]
[120.0, 50.0, 47.3]
[120.0, 50.0, 46.2]
[121.0, 49.0, 13.5]
[121.0, 49.0, 8.3]
[121.0, 50.0, 23.1]
[121.0, 50.0, 232.8]
[121.0, 51.0, 97308.0]
[121.0, 51.0, 1.38461e9]
[122.0, 48.0, 0.529]
[122.0, 49.0, 5.24]
[122.0, 50.0, 1.5]
[122.0, 50.0, 10.3]
[122.0, 50.0, 10.8]
[123.0, 49.0, 2.1]
[123.0, 49.0, 1.82]
[123.0, 50.0, 6.17]
[123.0, 50.0, 47.4]
[123.0, 51.0, 1.11629e7]
[123.0, 51.0, 2403.6]
[124.0, 50.0, 3.12]
[124.0, 50.0, 3.7]
[124.0, 52.0, 5.20128e6]
[124.0, 52.0, 93.0]
[125.0, 49.0, 0.68]
[125.0, 49.0, 0.48]
[125.0, 50.0, 2.36]
[125.0, 50.0, 12.2]
[125.0, 51.0, 832896.0]
[125.0, 51.0, 571.2]
[126.0, 47.0, 0.0486]
[126.0, 47.0, 0.023]
[126.0, 50.0, 1.53]
[126.0, 50.0, 1.64]
[126.0, 52.0, 1.06704e6]
[126.0, 52.0, 1149.0]
[127.0, 50.0, 1.09]
[127.0, 50.0, 3.67]
[127.0, 50.0, 1.04]
[127.0, 51.0, 7560.0]
[127.0, 51.0, 247.8]
[127.0, 52.0, 332640.0]
[127.0, 53.0, 33660.0]
[127.0, 53.0, 9.16704e6]
[128.0, 50.0, 0.84]
[128.0, 50.0, 0.72]
[128.0, 51.0, 3544.2]
[128.0, 52.0, 32580.0]
[128.0, 52.0, 624.6]
[128.0, 54.0, 1499.4]
[129.0, 50.0, 0.611]
[129.0, 50.0, 1.23]
[129.0, 50.0, 0.67]
[129.0, 51.0, 133.8]
[129.0, 51.0, 414.0]
[129.0, 52.0, 15717.6]
[129.0, 52.0, 1062.0]
[129.0, 53.0, 4176.0]
[129.0, 53.0, 2.90304e6]
[129.0, 54.0, 4.95178e14]
[129.0, 54.0, 4.95178e14]
[130.0, 48.0, 0.05]
[130.0, 49.0, 0.162]
[130.0, 50.0, 0.29]
[130.0, 50.0, 0.54]
[130.0, 50.0, 0.54]
[130.0, 51.0, 223.2]
[130.0, 51.0, 102.0]
[130.0, 52.0, 2370.0]
[130.0, 52.0, 378.0]
[130.0, 54.0, 44496.0]
[130.0, 54.0, 530.4]
[130.0, 56.0, 1752.6]
[131.0, 49.0, 0.068]
[131.0, 50.0, 0.28]
[131.0, 50.0, 0.35]
[131.0, 50.0, 0.32]
[131.0, 51.0, 56.0]
[131.0, 53.0, 1500.0]
[131.0, 53.0, 119700.0]
[132.0, 49.0, 0.084]
[132.0, 50.0, 0.2]
[132.0, 51.0, 39.7]
[132.0, 52.0, 167.4]
[132.0, 52.0, 167.4]
[132.0, 52.0, 246.0]
[132.0, 53.0, 2.76826e5]
[132.0, 54.0, 8262.0]
[132.0, 54.0, 4993.2]
[132.0, 56.0, 5.59786e5]
[133.0, 51.0, 1.46]
[133.0, 52.0, 140.4]
[133.0, 53.0, 750.0]
[133.0, 53.0, 3324.0]
[133.0, 54.0, 74988.0]
[133.0, 55.0, 453384.0]
[134.0, 52.0, 0.78]
[134.0, 52.0, 10.07]
[134.0, 54.0, 3150.0]
[134.0, 54.0, 211.2]
[134.0, 56.0, 6.51364e7]
[135.0, 51.0, 0.0]
[0.0, 0.0, 0.0]
[0.0, 0.0, 0.0]
[0.0, 0.0, 0.0]
[0.0, 0.0, 0.0]
[0.0, 0.0, 0.0]
[0.0, 0.0, 0.0]
[0.0, 0.0, 0.0]
[0.0, 0.0, 0.0]
[0.0, 0.0, 0.0]
[0.0, 0.0, 0.0]
[0.0, 0.0, 0.0]
[0.0, 0.0, 0.0]
[0.0, 0.0, 0.0]
[0.0, 0.0, 0.0]
[0.0, 0.0, 0.0]
[0.0, 0.0, 0.0]
[0.0, 0.0, 0.0]
[0.0, 0.0, 0.0]
[0.0, 0.0, 0.0]
[0.0, 0.0, 0.0]
[0.0, 0.0, 0.0]
[0.0, 0.0, 0.0]
[0.0, 0.0, 0.0]
[0.0, 0.0, 0.0]
[0.0, 0.0, 0.0]
[0.0, 0.0, 0.0]
[0.0, 0.0, 0.0]
[0.0, 0.0, 0.0]
[0.0, 0.0, 0.0]
[0.0, 0.0, 0.0]
[0.0, 0.0, 0.0]
[0.0, 0.0, 0.0]
[0.0, 0.0, 0.0]
[149.0, 60.0, 135.6]
[149.0, 61.0, 6220.8]
[149.0, 62.0, 191088.0]
[150.0, 60.0, 6.19]
[150.0, 62.0, 9648.0]
[150.0, 64.0, 46080.0]
[151.0, 59.0, 1.76]
[151.0, 59.0, 1.02]
[151.0, 60.0, 18.9]
[151.0, 61.0, 746.4]
[151.0, 62.0, 102240.0]
[151.0, 63.0, 2.8386e9]
[152.0, 62.0, 247.2]
[152.0, 62.0, 451.2]
[152.0, 62.0, 828.0]
[152.0, 64.0, 4.26326e8]
[152.0, 64.0, 33521.8]
[154.0, 62.0, 160.8]
[154.0, 62.0, 103.8]
[155.0, 64.0, 1.4991e8]
[156.0, 62.0, 26.7]
[159.0, 65.0, 66524.4]
[162.0, 65.0, 504.0]
[163.0, 64.0, 7.7]
[163.0, 65.0, 68.0]
[163.0, 66.0, 1170.0]
[163.0, 67.0, 4.1472e6]
[164.0, 64.0, 4.15]
[164.0, 66.0, 180.0]
[164.0, 68.0, 1728.0]
[165.0, 66.0, 126.6]
[165.0, 67.0, 8402.4]
[165.0, 67.0, 75.42]
[166.0, 64.0, 1.7]
[166.0, 68.0, 96566.4]
[166.0, 68.0, 3.7848e10]
[170.0, 68.0, 165.6]
[170.0, 68.0, 43.0]
[172.0, 68.0, 25.0]
[172.0, 69.0, 177480.0]
[172.0, 70.0, 228960.0]
[176.0, 72.0, 13190.4]
[177.0, 72.0, 5.74301e5]
[177.0, 72.0, 1.3862e7]
[178.0, 72.0, 1704.0]
[178.0, 72.0, 1386.0]
[180.0, 73.0, 19908.0]
[182.0, 72.0, 120.0]
[182.0, 73.0, 2.80706e14]
[182.0, 73.0, 3690.0]
[182.0, 74.0, 9.91354e6]
[184.0, 72.0, 19.0]
[186.0, 76.0, 3.21261e5]
[187.0, 76.0, 1.03767e9]
[188.0, 75.0, 6.02899e6]
[188.0, 76.0, 61218.0]
[189.0, 75.0, 696.0]
[189.0, 76.0, 87480.0]
[190.0, 75.0, 1800.0]
[190.0, 76.0, 186.0]
[190.0, 76.0, 11520.0]
[191.0, 77.0, 1.33056e6]
[192.0, 78.0, 6.37883e6]
[192.0, 78.0, 87.0]
[194.0, 77.0, 1.8924e8]
[194.0, 78.0, 69408.0]
[194.0, 78.0, 1.47744e7]
[195.0, 78.0, 8244.0]
[195.0, 78.0, 13212.0]
[196.0, 77.0, 2094.0]
[196.0, 78.0, 52.0]
[196.0, 78.0, 5040.0]
[196.0, 80.0, 5.3282e5]
[197.0, 78.0, 348.0]
[197.0, 79.0, 71609.4]
[197.0, 79.0, 5724.6]
[198.0, 80.0, 2.3277e5]
[199.0, 79.0, 1848.0]
[199.0, 80.0, 2.7121e5]
[200.0, 80.0, 2904.0]
[200.0, 80.0, 67320.0]
[210.0, 82.0, 78.0]
[210.0, 84.0, 4.33037e5]
[212.0, 84.0, 3633.0]
[212.0, 84.0, 1500.0]
[212.0, 84.0, 420.0]
[215.0, 83.0, 147.0]
[215.0, 84.0, 456.0]
[215.0, 84.0, 36.9]
[215.0, 85.0, 0.001781]
[216.0, 84.0, 135.0]
[216.0, 84.0, 135.0]
[217.0, 84.0, 98.5]
[218.0, 84.0, 33.0]
[218.0, 85.0, 185.88]
[218.0, 86.0, 1.5]
[219.0, 84.0, 22.0]
[224.0, 87.0, 6420.0]
[224.0, 88.0, 199.8]
[227.0, 87.0, 20.2]
[227.0, 88.0, 148.2]
[227.0, 89.0, 2532.0]
[227.0, 90.0, 6.86689e8]
[233.0, 90.0, 145.0]
[233.0, 91.0, 1338.0]
[233.0, 92.0, 2.33064e6]
[234.0, 92.0, 24120.0]
[234.0, 92.0, 69.54]
[236.0, 94.0, 4.82562e12]
[236.0, 94.0, 81000.0]
[240.0, 93.0, 50760.0]
[240.0, 94.0, 3714.0]
[240.0, 94.0, 433.2]
[242.0, 94.0, 132.0]
[242.0, 94.0, 330.0]
[242.0, 96.0, 57672.0]
[244.0, 96.0, 0.0]
[0.0, 0.0, 0.0]
[0.0, 0.0, 0.0]
[0.0, 0.0, 0.0]
[0.0, 0.0, 0.0]
[0.0, 0.0, 0.0]
[0.0, 0.0, 0.0]
[0.0, 0.0, 0.0]
[0.0, 0.0, 0.0]
[0.0, 0.0, 0.0]
[0.0, 0.0, 0.0]
