     30    20      0.1440     -0.0192      0.0089      0.0000   -152.5062      0.0000     73.9866
     31    20      0.0000      0.0500     -1.4330      0.0000   -177.4772      0.0000     57.0871
     32    20      0.0930      0.0007     -3.5044      0.0000   -204.9228      0.0000     37.7128
     33    20      0.1004      0.0032     -2.0354      0.0000   -223.8538      0.0000     26.8532
     34    20      0.1115      0.0036     -0.9706      0.0000   -245.2575      0.0000     13.5209
     35    20      0.1310     -0.0022      0.4614      0.0000   -261.5565      0.0000      5.2933
     36    20      0.1451     -0.0041      1.3551   -281.3612   -280.5695     -6.4400     -5.6483
     37    20     -0.1825      0.0452      1.3957   -296.1546   -295.3574    -13.1620    -12.3648
     38    20     -0.2096      0.0474      0.8406   -313.1230   -313.1940    -22.0590    -22.1299
     39    20     -0.2217      0.0439      0.2282   -326.4098   -326.9228    -27.2744    -27.7874
     40    20     -0.2334      0.0405     -0.7983   -342.0531   -342.8917    -34.8463    -35.6849
     41    20     -0.2144      0.0326     -0.5917   -350.4160   -353.1696    -35.1378    -37.8914
     42    20     -0.1920      0.0247     -0.7368   -361.8967   -365.7203    -38.5471    -42.3707
     43    20     -0.1775      0.0210     -1.3583   -369.8296   -374.7016    -38.4086    -43.2805
     44    20     -0.1614      0.0173     -2.3083   -380.9609   -386.2165    -41.4685    -46.7241
     45    20     -0.1664      0.0204     -2.4164   -388.3757   -393.0866    -40.8119    -45.5228
     46    20     -0.1698      0.0229     -2.6613   -398.7703   -402.2653    -43.1351    -46.6300
     47    20     -0.1731      0.0273     -2.2858   -406.0467   -407.5778    -42.3401    -43.8712
     48    20     -0.1766      0.0307     -2.0665   -415.9920   -415.1112    -44.2140    -43.3332
     49    20     -0.1669      0.0316     -1.3753   -421.1384   -419.3678    -41.2890    -39.5184
     50    20     -0.1595      0.0319     -0.8554   -427.4918   -425.7437    -39.5710    -37.8229
     51    20     -0.1272      0.0300      0.1521   -431.8522   -429.1011    -35.8600    -33.1089
     52    20     -0.0852      0.0232      0.9200   -436.5636   -434.6254    -32.5000    -30.5618
     53    20     -0.1305      0.0373      1.3724      0.0000   -436.7807      0.0000    -24.6457
     54    20     -0.1690      0.0460      1.3017      0.0000   -441.2271      0.0000    -21.0207
     55    20     -0.1794      0.0503      1.7041      0.0000   -443.0546      0.0000    -14.7768
     56    20     -0.1890      0.0518      1.9669      0.0000   -446.8118      0.0000    -10.4626
     57    20     -0.2090      0.0522      2.1672      0.0000   -448.0800      0.0000     -3.6594
     58    20     -0.2267      0.0513      2.1240      0.0000   -451.2948      0.0000      1.1972
     59    20     -0.2283      0.0510      2.3393      0.0000   -452.2491      0.0000      8.3143
     60    20      0.1722     -0.0338      3.3878      0.0000   -455.1707      0.0000     13.4641
     61    20      0.1785     -0.0354      2.9711      0.0000   -456.0979      0.0000     20.6083
     62    20      0.1807     -0.0360      2.5048      0.0000   -458.6887      0.0000     26.0889
     63    20      0.1714     -0.0426      2.2686      0.0000   -459.0524      0.0000     33.7966
     64    20      0.1612     -0.0502      1.7655      0.0000   -461.1374      0.0000     39.7830
     65    20      0.1533     -0.0491      1.5076      0.0000   -461.1191      0.0000     47.8727
     66    20      0.1429     -0.0473      1.1554      0.0000   -462.6653      0.0000     54.3979
     67    20      0.1325     -0.0450      0.7878      0.0000   -462.3305      0.0000     62.8041
     68    20      0.1223     -0.0428      0.2635      0.0000   -463.5236      0.0000     69.6824
     69    20      0.0763     -0.0332     -0.0466      0.0000   -463.0293      0.0000     78.2481
     70    20      0.0685     -0.0312     -1.0642      0.0000   -464.1713      0.0000     85.1775
     71    20      0.0620     -0.0307     -1.4973      0.0000   -462.9623      0.0000     94.4578
     72    20      0.0547     -0.0298     -2.0338      0.0000   -463.1577      0.0000    102.3339
     73    20      0.0591     -0.0289     -2.3120      0.0000   -461.3770      0.0000    112.1860
     74    20      0.0633     -0.0274     -2.6753      0.0000   -460.9415      0.0000    120.6929
     75    20      0.0664     -0.0280     -3.0799      0.0000   -458.9279      0.0000    130.7778
     76    20      0.0678     -0.0289     -3.5630      0.0000   -458.2123      0.0000    139.5649
     77    20      0.0597     -0.0273     -3.8749      0.0000   -455.8488      0.0000    149.9998
     31    21      0.1529     -0.0253      0.0777      0.0000   -145.0066      0.0000     88.7752
     32    21      0.1212     -0.0107     -1.2411      0.0000   -171.3106      0.0000     70.5426
     33    21      0.0942      0.0000     -3.1767      0.0000   -199.0636      0.0000     50.8609
     34    21      0.1070     -0.0024     -1.5822      0.0000   -219.1842      0.0000     38.8118
     35    21      0.1303     -0.0073     -0.5162      0.0000   -241.0008      0.0000     25.0666
     36    21      0.1423     -0.0100      0.7831      0.0000   -258.6845      0.0000     15.4543
     37    21      0.1488     -0.0090      1.6634      0.0000   -278.4128      0.0000      3.7974
     38    21     -0.1625      0.0462      1.8686      0.0000   -294.4350      0.0000     -4.1535
     39    21     -0.1930      0.0491      1.3059   -312.5210   -313.0653    -14.1680    -14.7123
     40    21     -0.2057      0.0430      0.7019   -326.9474   -327.9969    -20.5230    -21.5725
     41    21     -0.2195      0.0392     -0.3975   -343.1382   -345.2825    -28.6424    -30.7867
     42    21     -0.1944      0.0252     -0.2796   -354.6884   -357.6382    -32.1212    -35.0711
     43    21     -0.1711      0.0165     -0.7328   -366.8265   -371.8258    -36.1879    -41.1872
     44    21     -0.1524      0.0122     -1.5419   -376.5261   -382.0916    -37.8161    -43.3816
     45    21     -0.1367      0.0074     -2.7535   -387.8492   -394.7026    -41.0678    -47.9212
     46    21     -0.1402      0.0103     -2.7875   -396.6099   -402.5059    -41.7571    -47.6531
     47    21     -0.1420      0.0130     -2.9553   -407.2563   -412.3639    -44.3321    -49.4398
     48    21     -0.1434      0.0173     -2.4423   -415.4916   -418.5466    -44.4960    -47.5510
     49    21     -0.1526      0.0246     -2.2005   -425.6190   -426.5926    -46.5520    -47.5256
     50    21     -0.1382      0.0211     -1.3764   -431.6754   -431.7653    -44.5370    -44.6269
     51    21     -0.1291      0.0216     -0.8551   -438.4278   -438.6732    -43.2180    -43.4635
     52    21     -0.0863      0.0131      0.0013   -443.6412   -443.2032    -40.3600    -39.9220
     53    21     -0.0413      0.0035      0.3572      0.0000   -449.4308      0.0000    -38.0782
     54    21     -0.0913      0.0204      1.0898   -453.6240   -452.5051    -34.2000    -33.0811
     55    21     -0.1313      0.0333      1.1625   -457.0954   -457.2956    -29.6000    -29.8002
     56    21     -0.1419      0.0378      1.6103      0.0000   -460.1180      0.0000    -24.5512
     57    21     -0.1534      0.0405      1.8718      0.0000   -464.1890      0.0000    -20.5508
     58    21     -0.1685      0.0385      2.1311      0.0000   -466.5577      0.0000    -14.8482
     59    21     -0.1858      0.0376      2.0579      0.0000   -470.1195      0.0000    -10.3385
     60    21      0.1394     -0.0221      3.0128      0.0000   -472.1694      0.0000     -4.3170
     61    21      0.1408     -0.0263      2.7656      0.0000   -475.3581      0.0000      0.5657
     62    21      0.1459     -0.0265      2.4488      0.0000   -477.2462      0.0000      6.7490
     63    21      0.1566     -0.0277      1.9359      0.0000   -479.9376      0.0000     12.1290
     64    21      0.1431     -0.0335      1.6593      0.0000   -481.4224      0.0000     18.7155
     65    21      0.1300     -0.0409      1.0882      0.0000   -483.7265      0.0000     24.4828
     66    21      0.1246     -0.0382      0.7939      0.0000   -484.7433      0.0000     31.5374
     67    21      0.1125     -0.0358      0.4093      0.0000   -486.3879      0.0000     37.9642
     68    21      0.0847     -0.0299      0.1075      0.0000   -487.1518      0.0000     45.2717
     69    21      0.0554     -0.0235     -0.6584      0.0000   -488.7076      0.0000     51.7873
     70    21      0.0480     -0.0217     -1.5822      0.0000   -489.4208      0.0000     59.1455
     71    21      0.0413     -0.0201     -2.6410      0.0000   -490.5693      0.0000     66.0684
     72    21      0.0320     -0.0185     -3.1116      0.0000   -490.4250      0.0000     74.2841
     73    21      0.0207     -0.0176     -3.7099      0.0000   -490.6284      0.0000     82.1521
     74    21      0.0301     -0.0170     -3.8777      0.0000   -489.7571      0.0000     91.0948
     75    21      0.0391     -0.0160     -4.1495      0.0000   -489.1434      0.0000     99.7799
     76    21      0.0408     -0.0174     -4.4547      0.0000   -488.0607      0.0000    108.9340
     77    21      0.0426     -0.0176     -4.8367      0.0000   -487.1489      0.0000    117.9172
     78    21      0.0361     -0.0154     -5.1480      0.0000   -485.7879      0.0000    127.3496
     79    21      0.0282     -0.0131     -5.5508      0.0000   -484.5391      0.0000    136.6698
     80    21      0.0284     -0.0166     -4.5517      0.0000   -481.5074      0.0000    147.7729
